0 -5.343588 
0.003921569 -5.419428 
0.007843137 -5.470091 
0.01176471 -4.955438 
0.01568627 -5.480425 
0.01960784 -5.76168 
0.02352941 -4.808948 
0.02745098 -4.730574 
0.03137255 -5.135091 
0.03529412 -4.64018 
0.03921569 -4.417411 
0.04313725 -4.499119 
0.04705882 -4.16156 
0.05098039 -4.336476 
0.05490196 -3.843505 
0.05882353 -4.127708 
0.0627451 -3.910541 
0.06666667 -4.177428 
0.07058824 -4.368495 
0.0745098 -3.376265 
0.07843137 -3.831832 
0.08235294 -3.808281 
0.08627451 -3.451905 
0.09019608 -3.426195 
0.09411765 -3.141917 
0.09803922 -3.317799 
0.1019608 -2.772518 
0.1058824 -3.21628 
0.1098039 -3.654047 
0.1137255 -3.043251 
0.1176471 -2.495084 
0.1215686 -3.572713 
0.1254902 -3.184865 
0.1294118 -3.250428 
0.1333333 -3.459762 
0.1372549 -3.154808 
0.1411765 -2.611687 
0.145098 -2.72573 
0.1490196 -3.16104 
0.1529412 -3.460131 
0.1568627 -2.962051 
0.1607843 -3.317173 
0.1647059 -2.39363 
0.1686275 -2.888728 
0.172549 -3.556957 
0.1764706 -3.284977 
0.1803922 -3.433996 
0.1843137 -3.501045 
0.1882353 -3.873882 
0.1921569 -3.060382 
0.1960784 -3.340464 
0.2 -3.64538 
0.2039216 -3.4762 
0.2078431 -3.051484 
0.2117647 -3.838798 
0.2156863 -3.777146 
0.2196078 -3.144887 
0.2235294 -3.976769 
0.227451 -4.21074 
0.2313725 -4.627846 
0.2352941 -4.702918 
0.2392157 -4.056078 
0.2431373 -4.240615 
0.2470588 -4.482468 
0.2509804 -4.50193 
0.254902 -5.138736 
0.2588235 -3.857927 
0.2627451 -4.67575 
0.2666667 -4.706857 
0.2705882 -4.656473 
0.2745098 -4.896612 
0.2784314 -5.296826 
0.2823529 -4.783287 
0.2862745 -5.231965 
0.2901961 -5.294487 
0.2941176 -5.026866 
0.2980392 -5.174013 
0.3019608 -4.983177 
0.3058824 -5.22235 
0.3098039 -5.611856 
0.3137255 -5.390036 
0.3176471 -5.46808 
0.3215686 -5.323695 
0.3254902 -5.988852 
0.3294118 -5.535473 
0.3333333 -5.351812 
0.3372549 -5.765699 
0.3411765 -5.287536 
0.345098 -5.356229 
0.3490196 -5.627644 
0.3529412 -5.744966 
0.3568627 -5.77382 
0.3607843 -5.555734 
0.3647059 -5.16567 
0.3686275 -4.915464 
0.372549 -4.902178 
0.3764706 -4.970382 
0.3803922 -5.099851 
0.3843137 -4.803967 
0.3882353 -4.636759 
0.3921569 -4.430765 
0.3960784 -3.5898 
0.4 -2.602549 
0.4039216 -3.482345 
0.4078431 -3.499534 
0.4117647 -4.343493 
0.4156863 -4.568486 
0.4196078 -4.180576 
0.4235294 -4.477458 
0.427451 -4.23235 
0.4313725 -4.506097 
0.4352941 -4.486733 
0.4392157 -4.635195 
0.4431373 -4.97015 
0.4470588 -4.153294 
0.4509804 -4.873469 
0.454902 -4.533743 
0.4588235 -4.817103 
0.4627451 -4.408469 
0.4666667 -5.276469 
0.4705882 -4.153 
0.4745098 -4.262492 
0.4784314 -4.464272 
0.4823529 -4.187805 
0.4862745 -3.623414 
0.4901961 -4.125079 
0.4941176 -4.418299 
0.4980392 -4.004831 
0.5019608 -4.174576 
0.5058824 -4.001024 
0.5098039 -4.372653 
0.5137255 -3.622849 
0.5176471 -3.650134 
0.5215686 -3.464553 
0.5254902 -2.95313 
0.5294118 -3.873722 
0.5333333 -3.029731 
0.5372549 -2.911864 
0.5411765 -3.161218 
0.545098 -3.541512 
0.5490196 -3.385136 
0.5529412 -2.500409 
0.5568627 -3.198508 
0.5607843 -2.754415 
0.5647059 -3.192875 
0.5686275 -2.816525 
0.572549 -2.614831 
0.5764706 -3.705857 
0.5803922 -2.700493 
0.5843137 -3.002776 
0.5882353 -2.921255 
0.5921569 -2.600106 
0.5960784 -3.031115 
0.6 -2.542706 
0.6039216 -2.81155 
0.6078431 -2.881799 
0.6117647 -3.052365 
0.6156863 -2.334427 
0.6196078 -3.167893 
0.6235294 -3.432837 
0.627451 -2.934285 
0.6313725 -2.989902 
0.6352941 -2.364968 
0.6392157 -3.101338 
0.6431373 -2.735052 
0.6470588 -2.345295 
0.6509804 -2.920129 
0.654902 -3.612234 
0.6588235 -3.305412 
0.6627451 -3.148991 
0.6666667 -3.159024 
0.6705882 -3.14039 
0.6745098 -3.382905 
0.6784314 -4.118593 
0.6823529 -3.176405 
0.6862745 -3.055881 
0.6901961 -4.362836 
0.6941176 -3.707315 
0.6980392 -3.630835 
0.7019608 -2.059464 
0.7058824 -2.582403 
0.7098039 -2.791783 
0.7137255 -2.8451 
0.7176471 -1.952137 
0.7215686 -2.03491 
0.7254902 -2.862875 
0.7294118 -2.767929 
0.7333333 -2.536501 
0.7372549 -3.201246 
0.7411765 -3.046268 
0.745098 -3.533852 
0.7490196 -3.258146 
0.7529412 -3.505223 
0.7568627 -3.159544 
0.7607843 -3.446028 
0.7647059 -4.482664 
0.7686275 -4.043757 
0.772549 -4.290552 
0.7764706 -4.257704 
0.7803922 -4.249126 
0.7843137 -4.037875 
0.7882353 -3.975074 
0.7921569 -4.600283 
0.7960784 -4.339498 
0.8 -4.586265 
0.8039216 -4.628886 
0.8078431 -5.246639 
0.8117647 -4.912953 
0.8156863 -5.009292 
0.8196078 -4.894202 
0.8235294 -5.761772 
0.827451 -5.466981 
0.8313725 -5.781705 
0.8352941 -5.819693 
0.8392157 -5.794905 
0.8431373 -5.424289 
0.8470588 -5.693655 
0.8509804 -5.435592 
0.854902 -5.999378 
0.8588235 -5.715944 
0.8627451 -5.469249 
0.8666667 -6.11798 
0.8705882 -5.609172 
0.8745098 -6.030458 
0.8784314 -6.075365 
0.8823529 -5.872844 
0.8862745 -5.34328 
0.8901961 -6.157778 
0.8941176 -5.73933 
0.8980392 -6.004081 
0.9019608 -5.467441 
0.9058824 -6.091189 
0.9098039 -5.529465 
0.9137255 -5.693876 
0.9176471 -5.431898 
0.9215686 -6.074336 
0.9254902 -5.474648 
0.9294118 -5.715531 
0.9333333 -5.664097 
0.9372549 -5.447024 
0.9411765 -5.369315 
0.945098 -5.781697 
0.9490196 -4.72181 
0.9529412 -5.686914 
0.9568627 -5.169992 
0.9607843 -4.812113 
0.9647059 -4.751908 
0.9686275 -5.318035 
0.972549 -5.232218 
0.9764706 -4.767855 
0.9803922 -5.051592 
0.9843137 -5.052195 
0.9882353 -4.044888 
0.9921569 -4.423243 
0.9960784 -4.294577 
1 -4.285918 
