  9.4034869e-002  9.2033111e-001
  4.4994645e-001 -2.3003263e-001
  8.6915243e-001  1.9435087e+000
  3.9161722e-001  1.5899358e+000
  2.5278365e-001 -1.6187181e-001
  3.5438193e-001  1.6842088e-001
  7.4297797e-001  3.8952360e-001
  6.5083202e-001 -5.2575181e-003
  9.3979304e-001  9.5561481e-001
  8.3279912e-001  7.2227188e-001
  4.6997787e-001  1.5501546e+000
  6.2986561e-001  1.6578402e+000
  5.8187848e-002 -8.3200523e-002
  5.4218740e-001  3.0874938e-001
  4.5572596e-001  1.0469070e+000
  8.6308689e-001  1.7498299e+000
  8.5519697e-001  1.5086437e-001
  4.7225568e-001  1.9685142e+000
  7.8692439e-001 -1.3526727e-002
  6.5598214e-001 -1.1771199e-001
  3.9889599e-005  3.1442750e-001
  1.3123716e-001 -1.8896465e-001
  4.9487476e-001  1.0102075e-001
  3.8333157e-002  2.2960635e-001
  2.2743581e-001 -9.7831858e-002
  3.2788296e-001  1.1156404e+000
  8.9946879e-001  1.7734258e-001
  3.1373049e-001 -2.2538740e-001
  2.5167601e-001 -2.0378314e-001
  4.3298913e-001  1.7390482e+000
  8.4238224e-001 -5.6484500e-002
  1.8448899e-001  1.3032843e+000
  5.0817921e-001  1.1610579e-001
  4.5223967e-001  1.0068098e-001
  3.2558444e-001  6.6972739e-001
  3.8007631e-001  2.0092143e-001
  8.8647996e-001  1.6840994e-001
  7.6126076e-001  3.5109131e-002
  8.8376633e-001  3.2631870e-001
  4.5740626e-001 -2.2163173e-002
  7.9920229e-001  1.4835435e-003
  1.3407712e-001  3.6388317e-002
  6.5313688e-002  1.0473450e-001
  3.7514466e-001  2.2299654e-001
  3.7352297e-001  6.2753652e-001
  4.8402240e-001  7.4783756e-002
  9.6945923e-001  3.1016627e-002
  3.4206109e-001 -1.3037658e-001
  2.5268926e-001 -3.0697973e-001
  5.8488692e-001  2.2617516e-001
  5.2370359e-001 -1.4292519e-001
  1.6341905e-001  3.4335995e-001
  4.8639815e-001  7.1805390e-002
  4.9606075e-001  6.8990767e-001
  8.4319408e-001  8.3619988e-002
  8.0619822e-001  8.1198177e-001
  8.5778560e-001  7.4485845e-001
  6.0975414e-001  8.4085976e-001
  5.6573037e-001  1.1075711e-002
  6.1189852e-001  1.9931497e+000
  1.0297652e-001  2.2090759e-001
  1.5831592e-001  4.0800567e-001
  4.1364986e-001  3.8943604e-001
  5.6041045e-001 -1.0358090e-003
  2.6867729e-001  6.0554259e-002
  7.8425416e-001  1.2666241e-001
  3.8787078e-001  1.0337298e-001
  3.0983621e-002  2.5755265e-001
  5.8550183e-001  1.2899054e+000
  5.5855853e-001  9.5754871e-002
  2.0069557e-001  4.1539363e-001
  8.7421885e-002  6.2899346e-001
  9.3322986e-001 -5.3382171e-002
  2.5937997e-001  5.1838723e-001
  2.0417139e-001  1.1061024e-001
  4.9208442e-002 -3.3027104e-002
  6.0616094e-001  4.0329699e-001
  5.4634874e-001  8.7883732e-001
  9.5837436e-002  8.2246590e-001
  6.3699565e-001  3.4791187e-001
  4.4294833e-001  1.7913804e-001
  6.6381959e-002  1.7554612e+000
  3.7429258e-001  1.3306193e-001
  2.4910272e-001 -5.7113663e-002
  9.2487529e-001  2.9986299e-002
  6.2949929e-001  3.3641605e-002
  8.7830878e-001  1.3483088e+000
  6.4167443e-001  1.4332455e+000
  7.9839064e-001  1.5305962e-001
  4.3502604e-001 -1.8596866e-002
  9.8114025e-001  2.0183002e+000
  9.5957798e-002  1.2443256e-002
  5.2748240e-001 -8.9868354e-002
  5.4564582e-001  1.7478610e-001
  2.8434276e-001  6.2742078e-002
  3.7080266e-001 -1.3326756e-001
  6.4692602e-002  1.1047576e-001
  5.4480906e-001  1.2088509e-001
  8.3637560e-001  7.7208926e-001
  1.4532199e-001 -3.7558608e-002
  1.7152026e-001 -1.1043880e-001
  6.8047182e-002 -3.1145518e-001
  8.2401153e-001  1.3950329e-001
  1.3397076e-001 -7.3346074e-002
  8.8478629e-001  8.9579965e-001
  5.1473740e-001  1.6127523e+000
  9.6363560e-001  1.4250407e-001
  1.2049467e-001  3.8060987e-001
  4.8289882e-002 -1.3394668e-001
  3.8015200e-001 -5.2952281e-002
  4.1279122e-001  7.9091080e-001
  4.0139130e-001  7.6423286e-002
  4.2099713e-001  2.0868494e-001
  3.7695369e-001  6.6888661e-001
  9.0733653e-001  4.6248866e-001
  6.7016214e-001 -5.8303972e-003
  9.6183852e-001  8.3717404e-001
  1.6297934e-001 -1.9081666e-001
  7.4864941e-001 -3.6924147e-002
  3.7406572e-001  1.3484038e-001
  4.5423651e-001  1.4588985e+000
  3.8560696e-002  9.2838526e-002
  5.6243201e-001  1.2538516e+000
  3.7231215e-001  9.7477917e-002
  7.9278371e-001 -2.5280352e-003
  7.9523097e-001  6.1585356e-001
  3.8291447e-001 -1.8656651e-001
  2.5278980e-001  1.4767694e-001
  3.4292786e-001  1.5902685e-003
  9.6780449e-001  3.8374222e-001
  4.7980839e-001  1.1394726e-001
  3.6832756e-001  3.6140299e-001
  7.6456716e-001  1.1301063e+000
  3.7714897e-001  1.8944675e-001
  9.0030622e-001  1.6834258e+000
  1.8343205e-001  2.0915046e-001
  3.6831732e-001  1.6097683e-001
  9.1745704e-001  1.0489661e+000
  5.1591606e-001  6.0074582e-002
  9.0307262e-002 -1.0313333e-002
  7.3531149e-001  3.0007121e-001
  4.7121623e-003  5.9967035e-001
  6.0312312e-001  7.0395261e-002
  9.5686666e-001  2.1050434e-001
  3.9743193e-001  9.0226230e-001
  7.3155079e-001  5.8103120e-001
  6.8463883e-001 -3.4837245e-002
  9.7850302e-001  8.7486533e-001
  2.0378517e-001 -1.2065545e-001
  5.9330284e-001 -1.6989157e-001
  9.5156252e-001 -1.6952097e-002
  2.6027241e-001 -9.2339681e-003
  5.1467762e-001  6.8631156e-002
  6.3633190e-001 -8.4215123e-002
  4.0095911e-001  2.1992744e-001
  4.8661131e-001 -6.1483208e-002
  7.5045811e-001 -1.1218988e-002
  1.2619673e-001  1.1576235e+000
  4.3062482e-002  8.8555201e-001
  3.7093934e-001 -1.9054586e-001
  6.9330212e-001  6.6380797e-002
  9.3582494e-001 -1.2778366e-001
  4.7757561e-001  9.3891658e-001
  1.2910010e-001 -8.8746316e-002
  4.8383121e-001  7.5716705e-002
  9.4559716e-001  7.5289760e-001
  3.6774413e-001  9.6228323e-001
  3.2848557e-001  6.3901515e-002
  7.7287548e-001  1.8746918e-002
  2.9727402e-001  2.2548238e-001
  1.7785436e-001  1.4407025e-001
  6.9079916e-001 -2.2350266e-001
  2.6394486e-001 -1.1124475e-002
  4.5773906e-001  1.1001009e-001
  8.4369242e-001  3.3355528e-001
  8.8149866e-001  1.1211522e+000
  7.0001996e-001  4.3539056e-002
  7.5569099e-001  3.8161766e-001
  9.7451480e-001  7.8914800e-003
  4.0215268e-001 -5.1890114e-002
  1.3127864e-001  8.7020183e-001
  7.2473389e-001  2.0019319e+000
  8.9951821e-001  1.0299476e-001
  1.7070131e-001  2.9870456e-001
  4.3028691e-002  9.1706373e-001
  4.7915922e-001 -1.4461891e-001
  9.3936285e-002  5.3830888e-001
  6.5004983e-001  1.8755900e+000
  9.5227754e-001 -1.9534046e-001
  4.5771270e-001  4.4624467e-002
  5.3688065e-001  2.1966167e-001
  6.6487146e-002  1.0011131e-001
  4.9387008e-001  7.9468819e-001
  4.1754097e-001  7.1353064e-002
  2.9225705e-001  6.9791337e-001
  2.8966394e-001 -4.8056642e-002
  7.5384600e-001 -1.6118915e-001
  9.6795712e-002 -6.4023928e-003
  7.6917011e-002  1.6836082e-001
  7.2091503e-001 -1.5785576e-001
  7.6491151e-001  8.9841330e-002
  6.5794492e-001 -8.5052518e-002
  8.1040852e-001  7.7949327e-002
  3.7424309e-001  8.1614482e-001
  3.0623148e-001  1.2160906e-002
  3.7069960e-001 -2.8348806e-001
  7.0674712e-001 -6.9396966e-002
  1.6836629e-001  1.3367881e+000
  8.1372101e-001  1.0676237e+000
  4.6622832e-001  1.7487538e-001
  7.2228568e-001 -8.9276425e-002
  9.9486891e-001  1.0557004e+000
  3.6250302e-001 -1.7417971e-001
  7.3082814e-001  5.8825245e-001
  6.4966741e-001  1.9755222e-001
  6.8133908e-001  2.8352223e-001
  7.6119200e-003  1.4245421e+000
  6.5414930e-001 -2.9987362e-001
  9.4523514e-001 -9.1171367e-002
  6.1327104e-001  1.3092903e-001
  7.8292798e-001 -1.4397659e-001
  3.1534871e-003  1.8828287e+000
  7.9695785e-001  1.7030688e+000
  6.4181666e-001  2.7570313e-001
  1.7847862e-001  1.7358736e-001
  5.2940073e-001 -9.8458227e-002
  2.1874351e-001  1.0641231e-003
  5.4805244e-001 -1.1071780e-001
  5.8237363e-002  8.3008988e-002
  5.8758710e-001  7.2941481e-001
  4.1610356e-001  7.5984185e-002
  1.8644524e-001  3.4249136e-001
  6.3910721e-002 -1.0647274e-002
  7.4782778e-002  1.2603989e-001
  3.1003746e-001  3.2671659e-001
  9.4408492e-001  7.4195863e-002
  9.8072663e-001  1.9957602e+000
  5.5511549e-001  1.2913761e-001
  9.8852564e-001  7.9112067e-003
  6.9155990e-001 -1.5656333e-001
  2.4166086e-001  4.3142201e-001
  8.0981368e-001  3.7695743e-001
  9.3451169e-001  2.4843102e-002
  1.2880349e-001  5.8874592e-001
  6.8682686e-001  2.6352476e-001
  2.9724493e-001 -7.3901045e-002
  6.4722082e-001  7.9098138e-001
  4.6375881e-001  1.3378496e+000
  9.2278964e-001  9.6228549e-002
  2.4172191e-001 -3.3440350e-001
  6.6015651e-001  1.4002569e-001
  3.3228698e-001  1.6865634e+000
  4.7675299e-001  6.8081715e-001
  4.6877328e-001  1.8104699e+000
  7.0592893e-001  4.1393148e-001
  2.3994937e-001 -1.8828054e-002
  7.1720259e-001  6.6179153e-001
  8.6519670e-001  1.1644630e+000
  4.1098966e-001 -9.9497598e-002
  4.2478717e-001  2.0167079e+000
  9.5428637e-001  6.0779204e-001
  8.8141861e-001  4.8043427e-001
  6.9858767e-001  1.5170075e-001
  3.0540114e-001  2.4947581e-001
  8.2932609e-001  1.2129777e+000
  9.7060457e-001 -1.1554538e-004
  3.0010272e-001  2.7523021e-001
  9.9806225e-001  5.6084249e-002
  4.4074843e-001  7.0553667e-001
  6.2269037e-003  2.4023137e-001
  2.9190112e-001 -1.4551898e-001
  6.9187848e-001  3.4379707e-002
  4.9284927e-001  1.3636054e-001
  8.3477633e-002  2.7205443e-001
  1.9578714e-001 -1.3313013e-001
  9.7759475e-001 -1.6610295e-001
  3.6619871e-001  8.4427116e-001
  1.3943238e-001  5.6848679e-001
  1.4755525e-002  9.8122617e-001
  6.4064119e-001  2.6590900e-002
  7.3772200e-001  1.3276854e+000
  2.6757302e-002 -2.7239652e-002
  1.0215260e-001 -2.1461244e-001
  8.9333022e-001  5.1160430e-001
  7.6387648e-001  7.5494121e-002
  5.8266454e-001  4.0554499e-001
  6.8543027e-001  6.5152030e-001
  9.6713351e-001  1.8577335e-001
  5.5034440e-001 -7.7472902e-002
  7.7719685e-001  2.6721752e-001
  6.1035042e-001 -1.8634625e-003
  9.8859338e-001 -8.2061722e-002
  4.8262228e-002  9.4511447e-001
  9.8538908e-001  1.8279253e-001
  2.0473617e-001  5.3258687e-003
  9.1247718e-001  2.6456956e-001
  6.6554603e-001  3.4531901e-001
  4.6232141e-001 -1.5825609e-001
  4.8333251e-002  8.7730758e-002
  4.6043917e-001  5.2590118e-001
  7.9995057e-001 -1.2671955e-001
  2.8943312e-001  1.0163152e+000
  6.9510237e-001 -1.9663227e-002
  2.5927894e-001  5.5076108e-001
  7.1322972e-001  6.8273652e-001
  7.2036969e-001  2.8525065e-001
  7.3327669e-001  1.7424197e+000
  6.2233077e-001  1.4843533e+000
  9.8977940e-001 -9.2697807e-002
  1.5237784e-001  6.7172828e-001
  2.0332258e-001  4.4183975e-001
  8.1931658e-001  2.6137724e-001
  5.8435362e-002  6.7266143e-001
  5.3850678e-001  2.0742288e+000
  1.9015332e-001  1.2117882e+000
  5.9948078e-001 -2.7507565e-001
  2.9225799e-001  1.1691086e+000
  9.1287717e-002 -3.1311694e-002
  5.0676728e-001  1.4083969e+000
  8.8413233e-001  1.2667102e-003
  6.1556805e-001  4.2258653e-001
  4.6392112e-002 -1.0214450e-001
  9.5192426e-001  3.1761890e-001
  1.6903040e-001 -2.8451290e-002
  8.2667104e-001  8.2865228e-001
  6.1137687e-001  3.9441002e-002
  8.4729946e-001  3.7185357e-001
  1.1412313e-001  8.7917879e-002
  6.4921982e-001 -2.4757439e-001
  1.1481505e-001  1.1459401e-001
  4.7341222e-001  1.1477875e-001
  6.8318105e-001  6.5906488e-001
  1.3329862e-001  1.0808838e+000
  4.6407820e-001  4.6258574e-002
  7.1250008e-002  1.9017985e+000
  5.8121844e-001  1.6284970e+000
  5.6597889e-001  3.7451867e-001
  2.5526221e-001  3.2286928e-001
  2.3849414e-001  2.2532457e-001
  1.5953779e-002 -8.3594707e-002
  3.8474472e-001 -9.2589647e-002
  7.5730018e-001  6.0730007e-001
  5.7516005e-001  1.9614145e-001
  4.0808550e-001  5.3647419e-002
  1.9570817e-001 -4.6720107e-002
  5.1217433e-001 -7.0696289e-002
  7.1334569e-001 -5.0876786e-003
  8.6738555e-001 -2.2961485e-002
  7.4180541e-001  1.7854300e+000
  9.9483254e-001  1.1771884e+000
  8.6674820e-001  6.2354040e-002
  4.8581276e-001  1.8379858e-001
  9.0330541e-001  9.2642783e-001
  2.0314485e-002 -1.5821042e-001
  6.3678745e-001  3.5139250e-001
  9.4405571e-001  4.1989864e-001
  4.0780155e-002  8.8517017e-001
  2.8567164e-001 -1.2604765e-002
  6.7725380e-001  5.2906221e-005
  5.8617832e-001  1.1132950e+000
  6.4969619e-002  3.9141347e-001
  8.7921185e-001 -9.7366997e-002
  4.8790932e-001  1.8943572e-001
  8.9147557e-001 -1.2858640e-001
  7.6229473e-001 -5.8386900e-002
  6.5530482e-001  1.9507416e-001
  9.7148152e-001  5.6626072e-001
  1.7113911e-001  1.1590716e-002
  1.3596515e-001  2.5015893e-001
  7.5521067e-001 -1.5903083e-001
  3.1321696e-001  1.5194061e+000
  4.6325242e-001  1.6542062e+000
  3.3943415e-001  2.3129398e-001
  9.6218324e-003  6.6637050e-001
  3.3380144e-001  4.9564892e-001
  2.4682326e-001  5.0293021e-001
  9.9406089e-001  4.3486951e-002
  9.0556697e-001 -8.0939042e-002
  3.4976835e-001 -1.3826036e-001
  2.7811548e-001 -5.4821415e-002
  9.2923664e-002  1.5303138e-001
  2.4053028e-001  3.3612447e-001
  9.0164663e-001  9.8575649e-001
  3.2424592e-001 -3.7706206e-002
  5.7270335e-001  9.9231431e-002
  1.8506508e-001  9.0339516e-001
  7.3791019e-001  2.6339441e-001
  1.1175640e-001  9.9483570e-001
  3.8375167e-001 -1.7360401e-001
  8.6236466e-001  8.4334146e-001
  8.5708293e-001  2.1892980e-001
  8.1936366e-001  5.5549485e-002
  2.4569504e-001  3.0900956e-001
  8.9758832e-001  5.7513339e-001
  6.0412353e-001  3.2224079e-002
  1.3973137e-001  9.6963279e-002
  1.6130135e-001 -9.0055721e-002
  8.8315285e-001 -1.4178916e-001
  9.7858513e-001 -2.6250727e-002
  6.0131758e-001 -1.4906269e-001
  3.6180601e-001  1.3108949e-002
  2.3140380e-001  1.1676244e+000
  4.4973047e-001  1.9421046e-001
  6.4310149e-001  2.5433363e-002
  2.4521751e-001 -7.6598537e-002
  4.6801362e-001  2.3193382e-001
  4.9743178e-001  1.1670305e-001
  7.4964949e-002  2.6788263e-001
  7.6659484e-001  1.2876686e+000
  4.5367238e-002 -7.1853063e-002
  1.6511260e-001  1.2110640e-001
  7.7719862e-001  7.5065059e-001
  2.0834854e-001  1.0302566e+000
  2.5177620e-001 -9.9238379e-002
  3.9652384e-001  2.1881042e-001
  4.8068782e-001  2.0535212e+000
  5.0929074e-001 -2.7098389e-001
  6.2479654e-001  4.6452569e-001
  6.2554740e-001  4.1386716e-001
  9.9116675e-001  9.0303539e-002
  3.5922196e-001  1.9527217e-001
  2.7599113e-001  2.6778007e-001
  6.7811674e-001  8.7794398e-001
  5.0876268e-001  3.5799515e-001
  2.7685971e-001  2.5339541e-001
  5.7884080e-001  5.5336811e-002
  8.2283546e-001  2.8742019e-003
  9.4145447e-001 -5.7358311e-002
  4.4431741e-001 -2.1706687e-001
  4.2322912e-001  3.1306884e-002
  9.9619772e-001  4.4224855e-001
  6.1411812e-001  1.4748900e+000
  9.4406607e-001  5.5042456e-001
  9.1208182e-001  5.9969450e-001
  8.1497682e-001  5.3136876e-002
  6.8963693e-001  8.0391318e-001
  3.0865401e-001  4.5554855e-001
  5.5819653e-001  1.0707057e-001
  6.3675759e-001  2.6452198e-001
  7.6908112e-001  4.1278551e-001
  5.4031017e-002 -2.2626451e-002
  1.1483134e-001  1.0556933e+000
  8.4599050e-001  8.4231242e-001
  1.7238331e-001 -1.3817668e-001
  3.6982983e-002 -1.3621029e-001
  3.1255450e-001 -3.3646578e-001
  8.1728067e-001  6.8778211e-002
  2.3463670e-001  3.6394169e-002
  5.8744140e-001 -2.5998054e-002
  9.2418432e-001  1.6195018e+000
  3.3004915e-001  1.9567746e+000
  2.0554091e-001  2.3827826e-002
  3.6448714e-001 -7.0881274e-002
  9.7571471e-001  1.0706550e+000
  7.1689413e-001  7.1865339e-002
  6.4330970e-001  8.0985675e-001
  7.8256725e-001  5.7114379e-001
  4.6648183e-001  3.8722118e-001
  2.3227725e-001 -2.0653541e-002
  3.1787897e-001  1.0551859e-001
  7.8879187e-001 -1.2593516e-001
  6.3444276e-001  6.3540235e-001
  6.5978285e-001  5.2867852e-001
  5.3758345e-001 -1.0671532e-002
  9.1921660e-001 -5.0709725e-002
  7.8050604e-001  8.9855151e-001
  3.2670948e-001 -2.0300428e-002
  7.3874777e-001  1.9704824e-001
  4.3773386e-001  9.2179019e-002
  5.9179652e-001 -5.3334739e-002
  1.1450921e-001  5.4837539e-001
  3.1916564e-001  3.5207975e-002
  6.2185335e-001  3.4096558e-002
  8.9455368e-001 -7.4738331e-002
  9.6358606e-001  1.3750394e+000
  2.0063477e-002  1.7730965e-001
  1.1065185e-001 -1.3728146e-001
  4.0302005e-001  8.2711146e-002
  9.7195066e-002  8.5571371e-001
  2.9304897e-001  7.3120192e-001
  6.7870762e-001 -3.4279931e-001
  9.7979167e-001  1.8475522e+000
  3.9943359e-001  8.2123216e-003
  8.2088429e-001 -6.0049490e-002
  1.3161932e-001 -2.8696931e-002
  8.4489117e-001  9.4251444e-001
  2.3272666e-001 -1.5929021e-001
  6.7154611e-002 -1.1525871e-001
  3.3145213e-001  6.5967555e-002
  5.7523452e-001 -8.2888013e-002
  1.3681927e-001  2.3353388e-001
  8.6779769e-001  1.9809106e-002
  3.2926621e-001 -5.8712669e-002
  4.8800189e-001  3.0796223e-001
  4.3153673e-001  1.3613872e+000
  2.6054157e-001  2.3801994e-001
  9.8300281e-001 -3.1202023e-002
  9.6569796e-001 -3.9462691e-002
  9.4851732e-001 -1.0375548e-001
  4.5172239e-001 -9.1264264e-003
  3.3169299e-001  3.8055154e-002
  7.7594660e-003  1.3838748e-001
  1.6583996e-001 -1.8717158e-001
  8.2816690e-001  1.3412279e-001
  6.4340074e-001  8.1607443e-001
  3.2227517e-001  5.6612641e-001
  2.6369566e-002 -1.0837480e-002
  3.5544292e-001  4.6606494e-001
  7.4388453e-001  2.2938147e-001
  2.9866381e-001  1.7444101e+000
  1.8122317e-001  2.8209610e-001
  4.1519170e-001 -1.1421288e-001
  8.6734000e-001  9.3299588e-001
  6.2493985e-001  7.9150820e-001
  5.5202289e-002  2.1743417e-001
  4.0409289e-001 -6.6596906e-002
  3.0196018e-001  8.3643916e-001
  1.5231972e-001  1.0652205e-001
  3.0916820e-001  2.4161056e-001
  3.2582914e-003  7.6253784e-001
  4.3740886e-001  2.7748680e-001
  6.7641130e-001  3.1873293e-001
  8.2291300e-001  1.8460412e+000
  7.5584534e-001  4.6228764e-002
  1.6263890e-001  1.2208961e-001
  5.5204308e-001  1.1894335e+000
  5.2509370e-001  7.8454576e-002
  9.1935528e-001  1.5427850e+000
  4.4190695e-001  3.9333873e-001
  4.4802340e-002  6.2439035e-003
  9.6458349e-001 -4.4425776e-002
  1.3462415e-002  3.2061302e-002
  5.5202350e-001  1.4095352e-001
  9.3429963e-001  2.3243294e-001
  8.9860886e-001 -7.6428181e-002
  6.1798972e-001  7.0071184e-001
  6.9992451e-001  8.6016302e-001
  9.3909501e-001 -1.0532713e-002
  4.5208415e-001  7.6577794e-002
  1.7667178e-001  1.3182043e-001
  6.1676520e-001 -8.0645899e-002
  5.1838015e-001 -2.1193481e-001
  3.6449306e-001  1.3335429e+000
  7.7330971e-001  7.8209514e-002
  8.2827699e-001  5.7297299e-001
  3.1839010e-001  2.7027652e-001
  5.9597957e-001 -2.3801129e-002
  7.8181805e-001  7.5349478e-001
  3.3592350e-002  1.1843690e-001
  8.5697746e-001  1.5356941e+000
  6.8261099e-001  9.4279252e-002
  8.0185059e-001  8.7107627e-002
  9.1769708e-001  1.7489609e+000
  3.8810989e-001 -8.5563054e-002
  4.7198094e-001 -2.1051481e-001
  8.8058340e-002  1.6173650e+000
  9.2510541e-001  1.0832951e+000
  6.7847986e-001  1.7441181e-001
  6.4103233e-001  1.5277153e+000
  9.9590779e-001  1.0164022e-001
  4.9954242e-001  1.7353766e+000
  4.3005161e-001 -3.4147472e-001
  8.2916860e-001 -9.8193611e-002
  1.1669606e-001 -1.9677212e-001
  5.9868431e-001  4.6619239e-002
  2.2122456e-001  8.4646972e-002
  3.9867688e-001  6.2080897e-001
  3.0115234e-001 -1.4345640e-002
  6.3354396e-001 -3.7187000e-001
  9.4498331e-001  1.8232371e+000
  5.8708086e-003 -1.2392897e-001
  8.1659885e-001  9.3880500e-001
  6.9088527e-001  2.5237845e-001
  9.8098479e-001  1.7600260e+000
  6.9739644e-002  8.8737936e-002
  4.4954753e-002  6.1272393e-002
  7.3995374e-001 -4.9622620e-002
  8.1912169e-001  2.7820748e-001
  2.6084057e-001  2.2320516e-001
  7.0401274e-001 -1.3535369e-001
  2.9647567e-001 -3.6639830e-003
  8.2291002e-002  1.0520647e-001
  8.7538362e-001  3.1076373e-001
  7.7451651e-002  4.5738725e-001
  7.4098431e-001 -7.3151736e-002
  1.2507013e-001 -7.9084164e-002
  4.4371293e-001  5.0700782e-001
  5.9248312e-001  3.1382535e-001
  6.3634804e-001 -3.5146081e-002
  5.3273484e-001  1.2635327e+000
  2.0871653e-001 -1.7796681e-001
  6.7372807e-001  1.1921220e-001
  2.4190850e-001  3.8046261e-001
  7.2052936e-001  9.7085444e-001
  3.9996405e-001 -2.0121473e-001
  3.9403595e-001  1.1620982e+000
  4.1150225e-001 -2.0304895e-001
  1.4974372e-001  1.0668394e-001
  8.7823288e-001  1.7377156e+000
  2.1755794e-002  9.1619915e-001
  9.2383268e-001  1.6147106e-001
  6.3261736e-001  2.1950235e-001
  6.6915789e-002  1.9698146e-001
  6.3267259e-001 -1.0721043e-001
  7.5374407e-001  6.2601965e-002
  7.6966282e-001  2.9045445e-001
  8.0803605e-001  1.0931577e+000
  5.4333387e-001  2.8533534e-002
  4.8508409e-001  1.0788515e-001
  4.4121926e-001 -1.8217718e-001
  6.2649857e-001  1.0896541e+000
  7.7783158e-002  8.6735510e-001
  5.4406284e-001 -8.9534844e-004
  2.0909703e-001  1.6904579e-001
  2.6999867e-001  7.1594684e-001
  2.9168146e-001  6.8170656e-002
  8.2222057e-001  1.1738682e-001
  4.1149818e-001  3.3130444e-001
  5.2695564e-001 -2.3601515e-002
  9.2020805e-001 -1.1543209e-001
  3.7913563e-001  2.9614554e-001
  6.3889879e-001  1.1335280e-002
  1.7373889e-001 -1.3255354e-001
  7.8580018e-001  7.5883853e-001
  3.6563105e-001  2.3787468e-001
  7.7694198e-001  8.3952550e-002
  3.4214632e-001  1.5772015e+000
  7.7417596e-001  2.1436430e-001
  1.4783221e-001 -2.2426395e-002
  1.4824230e-001  1.2316491e-001
  6.3905162e-001 -2.7543072e-002
  9.3372996e-002  1.8975970e+000
  9.2878840e-001  1.0503373e+000
  4.8513584e-001 -9.6942131e-002
  1.6324513e-001  6.5100334e-001
  2.7634206e-001 -1.6805750e-001
  1.3097372e-001  1.0225400e+000
  2.3220097e-002  1.4488847e-002
  2.3129737e-001  2.7285267e-001
  8.4525855e-001  7.1718813e-001
  7.2635615e-001  5.8527236e-001
  6.9468779e-001  1.1368436e-001
  3.8310627e-001  7.5278204e-001
  4.7984251e-001  2.5342229e-002
  9.6707892e-001  2.6015645e-001
  7.8353604e-001 -2.2674226e-001
  4.0973602e-001  5.9595688e-001
  9.5736517e-001  1.9304886e-001
  1.9697929e-001  1.3750804e+000
  5.2934481e-001  8.4676140e-002
  5.0419282e-001 -1.2122900e-002
  4.8340677e-001  5.0214533e-002
  3.7761358e-001  9.2673602e-001
  5.1971965e-001 -4.5601204e-002
  8.1576890e-001 -5.4075867e-002
  2.0862876e-001  6.1218966e-001
  3.8879508e-001  8.3552052e-002
  4.6142682e-002  1.7468997e-001
  3.0480456e-001 -8.1816723e-002
  8.1383942e-001 -7.0928095e-002
  6.8209397e-001  1.0222871e-001
  8.8243724e-001  5.5863094e-003
  8.1798941e-002  2.1796973e-001
  4.9482566e-001  5.9378157e-001
  4.3033078e-001 -1.4619310e-001
  3.4545758e-001 -1.0800456e-001
  9.1365962e-001  3.0779311e-001
  1.6017165e-001  6.1039169e-002
  3.8786915e-001  1.9260743e+000
  9.6721666e-001  4.2420564e-003
  6.6724690e-002  1.4224555e+000
  3.1672763e-001  1.3828888e-001
  1.2672360e-001  2.5873948e-003
  1.1580013e-001  1.4382141e-001
  1.6435755e-001  9.9326031e-002
  9.3947800e-002  7.1092657e-002
  5.3213249e-001  4.9549575e-001
  7.6240446e-001  1.8093522e-002
  4.1749569e-001  1.9764200e-001
  8.3552963e-001  3.8439866e-001
  8.0472910e-001  4.3556808e-001
  9.1711659e-003 -1.4422574e-001
  6.4471331e-001  1.3258788e-001
  1.1235277e-001  6.3013063e-002
  2.1570199e-001 -1.0050845e-001
  9.0928716e-001 -1.6532233e-001
  1.4467848e-001  1.5067557e-001
  2.0747787e-001 -9.6222206e-002
  8.5064079e-001  1.2326204e+000
  7.1310907e-001  4.0497033e-001
  8.0424879e-002  2.0391073e-001
  8.1869909e-001  1.7557101e+000
  3.4895878e-001  2.2667844e-002
  1.6254734e-001  4.1955420e-001
  5.3975099e-001  7.9754483e-001
  9.2332697e-001  4.2425563e-001
  4.3712357e-001  1.0582080e+000
  5.4012537e-001  1.7246080e-001
  6.9835335e-001  1.5360536e-001
  2.0543851e-003  9.0684192e-001
  8.3660328e-001  3.5511370e-003
  8.8942373e-001  8.6871576e-001
  1.9751060e-002  2.5678592e-001
  9.8419952e-002 -3.7141416e-002
  3.7415558e-001 -2.2246306e-001
  9.6747892e-001  1.2263102e+000
  6.1958534e-001 -1.0179795e-002
  6.7003835e-001  3.7178394e-001
  4.5616918e-001  3.9223303e-001
  8.3803533e-001  2.4017806e-001
  8.2309807e-001  1.3056120e-001
  5.4211211e-001  5.2882232e-001
  9.2391182e-002 -7.3568657e-002
  2.9527639e-001  2.1781748e+000
  6.0223769e-001 -1.2305319e-001
  1.8283858e-001  1.1420366e-001
  7.3317025e-001 -6.9953366e-002
  5.4889198e-001  1.6531191e-001
  1.5616039e-001  1.6778996e+000
  9.2507026e-001  4.3018941e-001
  2.0215511e-001  4.2399709e-001
  8.4485608e-003  1.4353897e+000
  6.8911142e-001 -1.4877866e-001
  4.0096769e-001  5.1210616e-002
  3.7958292e-001  2.5233701e-001
  9.0318605e-001 -1.7361389e-001
  9.4335044e-001 -3.8760061e-002
  4.7397950e-001 -2.2688969e-002
  1.7760485e-002  6.8631252e-001
  8.1995453e-001  5.9517620e-001
  5.7388459e-002 -1.2862092e-001
  9.0127967e-002  1.9173683e+000
  6.9665460e-001  1.3127809e+000
  1.4714915e-001  2.1297490e+000
  5.7578770e-002  1.5218114e+000
  6.3357737e-002 -2.9188304e-001
  7.2282963e-001  1.5685176e-002
  3.3708240e-002  2.3559387e-001
  6.9571751e-001  6.1272140e-001
  2.2117649e-001  1.4607830e+000
  6.2538607e-001  1.0645989e+000
  5.1329271e-001  2.9186085e-002
  5.7570811e-001  5.6797002e-001
  2.8724391e-001  2.7067704e-002
  8.9268470e-001  1.0681490e-001
  9.2592703e-002  9.1870679e-001
  2.9248458e-001  2.4020203e-001
  8.2189861e-001  2.4838332e-001
  9.9401909e-001  6.7121931e-001
  6.7816045e-002  1.2274200e+000
  9.7308533e-001  1.5382472e+000
  9.2278756e-001  1.1840970e+000
  9.5873119e-001 -9.4551151e-002
  5.6316367e-001  1.3977288e-001
  9.5052530e-001  7.2952427e-001
  3.1822406e-001  1.0649140e+000
  2.6589708e-001  5.8240238e-002
  6.1084222e-002 -8.3423939e-002
  3.3276783e-001  5.4278435e-002
  2.9242284e-001  7.0640488e-002
  4.0248467e-001 -7.2235990e-002
  3.4112300e-002  3.3222995e-002
  2.8746889e-001 -8.4545238e-002
  2.1962134e-001  3.2167366e-003
  5.6592787e-001  8.6869523e-001
  8.7009289e-001  1.6844751e-001
  2.5498648e-001  1.0906616e-001
  5.9181033e-001  1.5488258e+000
  5.2269269e-001  4.0365883e-002
  1.2914619e-001  1.0673747e+000
  3.7760137e-003  2.6066127e-001
  3.2581647e-001  4.5520606e-001
  3.6076282e-001  1.0957160e-001
  9.9403474e-001  1.8468856e-001
  9.3996293e-001  1.7416208e-001
  4.3413808e-001  1.3556137e-001
  9.3550529e-001 -2.9073823e-002
  4.9683294e-001  8.2200483e-001
  9.7107097e-001  9.6907008e-002
  9.5767394e-001  4.3982807e-001
  7.2072586e-001 -8.5803962e-002
  6.4796353e-001  9.7127302e-002
  8.6260004e-001  2.8353364e-003
  3.0909188e-002  6.2470890e-001
  3.6587797e-001 -1.8433125e-001
  9.3820534e-002  5.7927322e-001
  3.3464995e-001 -2.3107882e-001
  7.3275317e-003 -2.0125532e-001
  8.1552637e-001  1.5692018e-001
  2.5009804e-002  6.5566386e-001
  4.2420315e-001 -1.5985432e-001
  3.3802001e-002  1.8685567e+000
  6.7670340e-001  1.4809305e+000
  3.2795739e-001 -1.2676279e-001
  5.6006752e-001  1.4642751e+000
  4.2480712e-001  4.4145707e-001
  1.5010103e-001  3.1570362e-001
  6.4363273e-002  1.2192497e+000
  6.1644487e-001  7.4810441e-002
  6.2900584e-001  2.5340319e-001
  1.7663819e-001  1.4924443e+000
  4.0791710e-001 -9.7855119e-002
  7.0613928e-001  1.0841433e+000
  4.2979022e-001  7.5703557e-001
  2.1093225e-001  1.2724699e-001
  5.9098997e-001 -2.3099031e-001
  8.3720285e-001  2.0400506e+000
  8.8828782e-001  2.5213737e-001
  8.8560405e-001 -1.0933767e-001
  9.6290796e-001  5.4064604e-001
  7.6963249e-001  9.1540332e-001
  3.6794262e-001  1.3728630e-001
  6.8135384e-002  7.5179149e-001
  1.0889649e-001  1.4332940e-001
  9.3682163e-001 -6.7224183e-002
  5.1105547e-001  9.7507402e-003
  2.1127778e-001  5.6369505e-002
  4.2110506e-001  1.5787237e-001
  8.2953865e-001  8.3960307e-001
  1.4246931e-001  2.9518545e-001
  3.2163216e-001 -1.9399804e-001
  8.1790876e-001 -9.6996444e-002
  2.9338345e-001  4.6907305e-002
  7.9951482e-002  6.2858446e-001
  9.2830874e-001  1.6774402e+000
  1.6677465e-001  5.1415895e-001
  3.8677261e-001  6.0621716e-001
  4.8601078e-001  2.3331098e-002
  8.1087399e-001  5.7449787e-002
  4.0570801e-001  5.3047946e-001
  7.9502716e-001  8.9636353e-001
  1.9377034e-002  1.0338893e-001
  9.5665662e-001  1.2948511e+000
  8.5491577e-001  8.3280517e-002
  9.8631368e-001 -3.7338579e-002
  2.5069681e-001  5.5170467e-001
  4.8251490e-001  1.2104928e-001
  3.2461248e-001 -1.2034302e-001
  5.7401704e-002  1.1481701e-001
  2.9096834e-001  4.5446255e-001
  6.7607539e-001  1.0747151e-001
  9.5215246e-001 -2.4224194e-001
  4.0272700e-002  4.3472079e-001
  8.2161657e-001 -2.2766672e-001
  2.2362011e-001  1.5691067e-001
  9.9969725e-001  9.3037699e-001
  2.6052565e-001  5.0977343e-001
  2.3028285e-001  1.3650425e-001
  5.2508905e-001  1.1572470e-001
  5.6067296e-001  5.2394886e-003
  8.2602993e-001 -1.3095793e-001
  2.8846037e-001  1.8579750e+000
  2.5271187e-001 -1.1356555e-001
  2.4024804e-001  6.5565970e-001
  5.5149203e-001 -1.2747730e-001
  2.1533689e-001  8.3205208e-002
  6.6549314e-001  9.2196872e-001
  3.0886419e-001  2.9454777e-001
  4.6977860e-001  8.5943644e-001
  5.0580441e-001  6.4690593e-002
  6.8838660e-001  6.3243572e-001
  1.9286504e-001  8.1542894e-001
  2.7356542e-001  1.1675335e+000
  9.2632676e-001  1.3207988e+000
  2.3474086e-001  1.7146398e+000
  1.2798187e-001  4.0997191e-002
  4.1261782e-001  1.3318784e+000
  6.3472160e-001 -8.2146042e-002
  1.8154521e-001  5.3771186e-001
  4.0323122e-001  2.4306236e-002
  6.8876349e-001  1.3036866e+000
  3.2589296e-001  1.0681750e+000
  9.2328432e-001  1.8694744e-001
  7.5713401e-001 -9.0997435e-003
  4.0111255e-001  1.8625943e-001
  1.9610905e-001  1.9235260e-001
  4.0027549e-001  3.5662943e-001
  1.5447530e-001 -2.1170918e-002
  6.4571303e-002  2.8936060e-001
  1.2034604e-001 -2.4127683e-002
  2.9341636e-002 -5.9039488e-002
  8.6518759e-001  9.1304141e-001
  4.1419778e-001  1.0193325e-001
  7.9193160e-001  4.7993288e-002
  8.1639726e-001  1.2485315e-001
  3.9531626e-001  4.0198343e-002
  8.2594564e-001 -2.0582655e-002
  3.3762329e-001  7.7710176e-001
  1.9735456e-001  4.0893522e-002
  5.1007079e-001  1.7332859e+000
  2.0988789e-001  1.1394734e-001
  5.7998466e-001  9.4142301e-001
  9.7921349e-001  2.0922137e-001
  4.6712232e-001 -3.1420702e-002
  8.0211830e-001  8.0855163e-002
  4.3294827e-001 -4.2446267e-002
  2.4118275e-001  1.6041097e-001
  6.3462401e-001 -2.5364826e-002
  3.6718489e-001 -2.0747456e-001
  4.3145909e-001  8.4672131e-001
  3.0192019e-001  7.6892708e-002
  4.3217640e-001  7.9957379e-002
  6.9052386e-001  7.1760263e-001
  5.1228749e-001  1.1792692e-001
  9.9137353e-001 -3.1641309e-001
  1.8407145e-001  1.5523032e-001
  5.5896817e-001 -2.2866644e-004
  4.8704920e-001 -2.2833508e-001
  3.9748637e-001 -1.7376821e-001
  4.9284849e-001  2.9331437e-002
  9.6884387e-001  1.4009272e+000
  8.2703186e-001 -1.4228019e-001
  1.2838543e-001 -2.1209156e-002
  8.4226174e-001  1.9791258e-001
  7.8947447e-001 -6.5331573e-002
  3.4483223e-001  4.6267276e-003
  7.3849634e-001  5.6119631e-001
  5.9510178e-002  1.7366221e+000
  5.5864852e-001  1.9500835e-002
  7.8271927e-001 -1.9802460e-001
  1.4076745e-001  5.8428867e-001
  5.5765032e-001  1.3889940e+000
  2.0544898e-001 -1.0121886e-001
  8.6049171e-001  9.3113075e-002
  2.5735272e-001 -1.9575073e-001
  2.7763771e-001  6.5091723e-002
  2.8816628e-001  8.9008289e-002
  7.3477549e-001  5.3718522e-002
  4.9701227e-001  1.5849578e+000
  5.4673471e-002 -4.9107545e-002
  1.9128916e-001  6.2495837e-002
  7.2456538e-001 -2.2489394e-001
  9.7366140e-001  3.6693848e-001
  7.0448803e-001  1.7373831e+000
  8.0152582e-001  1.1263409e+000
  2.0624791e-001  2.4458548e-001
  7.7266717e-001  1.0027230e-001
  8.7269862e-001 -1.0576859e-001
  8.0738926e-001  3.2366029e-002
  7.5662759e-001 -3.1607126e-002
  9.0461282e-001  2.6023383e-001
  4.2099859e-001  4.8879011e-002
  6.5840027e-001  1.4123415e+000
  1.2965596e-003  1.5985047e-002
  9.8200178e-001  8.0544554e-001
  4.1231440e-001  9.6263881e-001
  3.4759777e-001  9.2601269e-002
  6.6817227e-001 -1.7654958e-001
  4.4367530e-001 -8.4504780e-002
  8.3986997e-001  8.0257454e-001
  5.2951640e-001  2.3756846e-001
  2.5714143e-001  8.2830203e-001
  1.5629855e-001  5.1233173e-001
  5.5781613e-001  6.6154081e-001
  9.6130029e-001  4.9182186e-001
  9.5127264e-001  2.2378326e-001
  7.3486523e-001 -5.3755778e-003
  2.2255539e-001  1.6412664e-001
  4.9663086e-001  1.6398001e-001
  7.0241713e-003  3.8313794e-002
  3.1619153e-001  9.4941999e-002
  7.3841663e-001  4.1161572e-001
  7.9033593e-001  7.8938089e-002
  4.0028265e-001  8.9961417e-002
  3.9988762e-001 -1.0966965e-001
  2.5169191e-001  1.0025365e+000
  9.1911860e-002  2.2350382e-001
  6.0220497e-001 -1.4881524e-001
  8.3244850e-001  2.9309056e-001
  2.9348370e-001 -5.7675925e-002
  4.6553725e-001 -4.4338705e-002
  4.5526841e-002  1.1364088e+000
  8.5722508e-002  1.7805802e-001
  5.1314471e-001  3.7734763e-001
  7.1542739e-001 -2.9773323e-001
  3.5435579e-002 -5.1044226e-002
  9.7957826e-001  6.3897939e-001
  4.9744925e-001 -2.2010591e-001
  7.0074386e-001 -2.9226947e-002
  8.0312889e-001 -6.0184339e-002
  5.1667426e-001  6.9830789e-002
  5.0269787e-001 -1.2316494e-001
  7.5473856e-001  1.1289871e-002
  2.3810722e-001  1.6741707e-001
  9.4307556e-001  1.0962385e+000
  8.8625294e-002 -5.4347263e-002
  5.4300949e-001  1.2213047e+000
  9.0345199e-001  4.9015485e-001
  8.6132162e-001  1.2843207e+000
  6.3147979e-001  2.1366922e-001
  2.6236351e-001  4.5630713e-001
  3.7901759e-001  1.8056243e+000
  3.3732378e-001 -1.7886920e-002
  3.1459491e-001  1.6562834e+000
  9.4710316e-001  3.0224408e-002
  5.3517088e-001 -5.6643373e-002
  7.0195513e-001  1.0249281e+000
  8.7503796e-001  1.1878164e-001
  9.8624968e-001  2.3854219e-001
  8.8530493e-001  4.6302766e-002
